982842264
170227771
438997605
155591722
839200892
1544966556
95964225
1476849745
915385947
952244741
2142929795
1628502916
435531314
419158331
725837411
1824297218
638614193
725680272
1638099284
412719919
284433239
278756766
1385488901
1110917960
186275134
322730395
2134991618
2048536254
356169909
776258161
823407367
1339012173
946485933
1262404973
1494603895
1785686825
659887881
1590568120
1115052922
1575273828
395329213
1110499069
1056293096
830860528
1529657400
1782130508
507674098
20787946
360327132
2145773382
433507865
644760371
277046500
1818996766
1755678331
463321635
2141727161
1743186302
364374241
350413422
371960815
1187781609
1689425595
1318446748
302702934
1036545842
956649926
962590815
479630314
2071702848
390380995
874959528
1034718270
1446674092
1705820056
416892022
1081320952
66010506
437679968
1441648084
64300240
871187833
2086408455
341346741
542700952
1694603138
804668376
536944465
1290305792
1169042617
887357888
1662266608
209340578
429299835
833229708
512043512
1465845678
1789879634
1474634327
1945475992
1714098835
1865015323
672951872
601333457
1164205767
231288280
1018225479
98043071
297298786
1455905448
1539691155
361599027
179609633
1478615962
702945768
722310585
1025735452
1507614144
1259255051
168557597
529173113
2146612939
1830824205
738513692
428429126
516570265
1250557204
1894274804
158966252
577707884
1692267149
1873065087
295239559
217735373
326914896
1459445326
449023654
1345140375
1557488397
746322440
653562175
949695904
1107921467
833171809
280828218
1810867235
1555482394
1306563670
1170997731
667253797
1475121267
1700170845
666383088
1158461824
291200889
1094812215
1675032090
1541758093
841603371
1833998342
2119465977
386386872
1559579781
267221888
604122246
1886494677
1726667214
1053145900
1084151404
1136671963
1799468340
1737713580
2086367867
759906160
423401741
219712437
423289747
1978884135
1526276108
1594287479
498654285
853913727
1146974676
1165037373
2012375552
1438175565
112365940
1539923994
832450010
953969312
1226438688
804432340
1340356184
638534821
1071654228
1944478430
377545850
650837795
850140682
1461697254
1787509758
502125375
1051927186
1726393978
1262031535
1475328927
1946106415
1685321282
1306729415
1324898875
1132125113
1805383700
31328955
131616141
822937425
2043704507
1569791706
935303366
1436144853
254758069
1889272678
515099893
1059190409
1082145214
1153634714
2130844637
879139997
1531180564
634198784
1729280679
845394170
274224895
83922406
1897321357
2000618873
1345953941
1225166636
1799241640
883791576
384412403
976656868
2015916689
42312455
1007985823
49183
865249881
904206682
1569840889
1800553247
192867887
1824598958
1542342277
707967780
736305719
477003843
1861602494
719666709
1356143840
1245299410
1353865493
937940872
2090693580
1628090388
1021863278
1840531289
1481225613
220333572
918214278
1132983606
1104125148
1302626681
2109640474
972558189
1344939137
970142649
972607372
62705370
1874349331
394964614
1863258617
2067217218
72079924
1258117246
627701350
808385644
1735121089
341820196
1528052353
943781282
1587119606
734434198
1881722154
1530329538
215040939
756101784
1223377180
1696266552
976435356
2141591458
681766510
2080560504
1296734491
643923336
905635046
494189980
1614065985
1878242418
556895350
1340931668
125723384
272670319
1260665238
197803309
1530787565
1888366588
1006188953
1118425007
82703136
386757658
2062206289
1669822742
1121191856
1796444795
1052668633
1336232795
405062931
128562165
885015700
1381498288
122669975
1566782210
1314575144
1419404466
63221899
72726542
1913594447
1677287884
1950968961
323006149
870735905
2076692345
595676469
2131401143
127012006
2126464034
1872284084
1133200959
1097405393
1954987220
1519958617
1012128034
1477326315
493666826
661089181
382511300
1829899621
1066152113
511073465
567431673
300166753
633743440
2134213884
1614741897
2053147906
49952135
1687468440
1819258705
1727240019
1490953753
2142264855
450492276
1420162450
590457676
434409772
1547174457
569438062
159210208
532891768
1666843456
2114197428
2052850386
531487842
1444040095
399033564
1192577024
1826551395
81449537
111245489
190141212
648881211
411412242
823884652
635611447
2026154139
729548911
685563582
1566138931
401323968
265319953
909609036
396105175
715812230
182287839
986562851
1150222002
1729462296
1556000914
1309432210
114870416
1075360722
1276145990
20237154
1606848564
572702438
419270718
651941940
251770185
500720256
763187429
441911398
1149601467
1174599671
1265796050
1785212914
1053270163
1995344961
323292848
471925446
249185282
588612801
1381534483
645290457
1304425031
1563822322
1631853309
307163385
1145800970
1040370575
1616595595
1260671386
2115731297
745257938
1280908541
1575096213
1317960376
1700179259
79554506
1569730561
53415867
842741935
2011641959
1203017334
2017341607
1129954362
840746600
923128122
977815675
1164039448
1395053568
1227000957
1752652250
629104403
1872291415
909593633
45443077
1356661076
1216757019
1191244047
249548003
685868966
304431786
217795652
1431126904
1585340327
1792891865
601603632
1138035938
1872446371
23850546
1191451806
567704659
2035492505
246985492
437562618
1017963219
1087732093
1360690740
1995778895
104287893
608260660
1075296204
1856940143
1237365064
800103971
619050129
1282808141
9281399
1835807148
326568541
258829402
374192466
631000327
476625054
1805319371
68857006
122033272
259439355
1206892944
1994479643
283289901
250861102
414700654
